git_commit = 550468d3bf66a3cfd0520cf4f2c4b3cb551b4332
command = julia --project=. benchmark/bench_driver.jl
cpu = cascadelake
julia = 1.12.6
nthreads = 1 blas_threads = 1
date = 2026-09-08T22:12:50.052
grid_f64 = [(64, 128, 768), (64, 128, 1536), (64, 128, 3072), (128, 128, 768), (128, 128, 1536), (128, 128, 3072), (256, 128, 768), (256, 128, 1536), (256, 128, 3072), (512, 128, 768), (512, 128, 1536), (512, 128, 3072), (64, 256, 768), (64, 256, 1536), (64, 256, 3072), (128, 256, 768), (128, 256, 1536), (128, 256, 3072), (256, 256, 768), (256, 256, 1536), (256, 256, 3072), (512, 256, 768), (512, 256, 1536), (512, 256, 3072), (64, 512, 768), (64, 512, 1536), (64, 512, 3072), (128, 512, 768), (128, 512, 1536), (128, 512, 3072), (256, 512, 768), (256, 512, 1536), (256, 512, 3072), (512, 512, 768), (512, 512, 1536), (512, 512, 3072)]
grid_f32 = [(96, 192, 1152), (96, 192, 2304), (96, 192, 4608), (192, 192, 1152), (192, 192, 2304), (192, 192, 4608), (384, 192, 1152), (384, 192, 2304), (384, 192, 4608), (768, 192, 1152), (768, 192, 2304), (768, 192, 4608), (96, 384, 1152), (96, 384, 2304), (96, 384, 4608), (192, 384, 1152), (192, 384, 2304), (192, 384, 4608), (384, 384, 1152), (384, 384, 2304), (384, 384, 4608), (768, 384, 1152), (768, 384, 2304), (768, 384, 4608), (96, 768, 1152), (96, 768, 2304), (96, 768, 4608), (192, 768, 1152), (192, 768, 2304), (192, 768, 4608), (384, 768, 1152), (384, 768, 2304), (384, 768, 4608), (768, 768, 1152), (768, 768, 2304), (768, 768, 4608)]
main_shapes = ["64^3", "128^3", "256^3", "512^3", "shallowK_256x24x256"]
extra_shapes = ["1024x256x1024"] + scattered_a64k64b16n64
chosen_defaults = Dict{DataType, Tuple{Int64, Int64, Int64}}(Float64 => (64, 128, 768), Float32 => (96, 384, 1152))
